00000000000000000000000000000000000000000000000000000000000000000000000000000000
00000000000000000000000000000000000000000000000000000000000000000000000000000000
00000000000000000000000000000000000000000000000000000000000000000000000000000000
00000000000000000000000000000000000000000000000000000000000000000000000000001000
00000000000000000000000000000000000000000000000000000000000000000000000001111000
00000000000000000000000000000000000000000000000000000000000000000000100101100000
00000000000000000000000000000000000000000000000000000000000000000000100000000000
00000000000000000000000000000000000000000000000000000001111000000001000101100000
00000000000000000000000000000000000000000000000000000001000100000110110101011111
00000000000000000000000000000000000000000000000000000001000000000110101010011111
00000000000000000000000000000000000000000000000000000000100100110010001110010110
00000000000000000000000000000000000000000000000000000000000001001011000000000000
00000000000000000000000000000000000000000000000000000000000001000011000000000000
00000000000000000000000000000000000000000000000000000000000001001011000000000000
00000000000000000000000000000000000000000000000000000000100100110010001110010110
00000000000000000000000000000000000000000000000000000001000000000110101010011111
00000000000000000000000000000000000000000000000000000001000100000110110101011111
00000000000000000000000000000000000000000000000000000001111000000001000101100000
00000000000000000000000000000000000000000000000000000000000000000000100000000000
00000000000000000000000000000000000000000000000000000000000000000000100101100000
00000000000000000000000000000000000000000000000000000000000000000000000001111000
00000000000000000000000000000000000000000000000000000000000000000000000000001000
00000000000000000000000000000000000000000000000000000000000000000000000000000000
00000000000000000000000000000000000000000000000000000000000000000000000000000000
00000000000000000000000000000000000000000000000000000000000000000000000000000000
