00000000000000000000000000000000000000000000000000000000000000000000000000000000
00000000000000000000000000010100000000000000000000000000000000000000000000000000
00000000000000000000000000010001000000000000000000000000000000000000000000000000
00000000000100000000000000000001000000000000000000000000000000000000000000000000
00000000011110000000000000010000100001100000000000000000000000000000000000000000
00000000101011000010000000000001000001100000000000000000000000000000000000000000
00011001001011100000110100010001000000000000000000000000000000000000000000000000
00011000101011000001111010010100000000000000000000000000000000000000000000000000
00000000011110000001100110000000000000000000000000000000000000000000000000000000
00000000000100000000000000000000000000000000000000000000000000000000000000000000
00000000000000000000000000000000000000000000000000000000000000000000000000000000
00000000000000000000000000000000000000000000000000000000000000000000000000000000
00000000000000000000000000000000000000000000000000000000000000000000000000000000
00000000000000000000000000000000000000000000000000000000000000000000000000000000
00000000000000000000000000000101000000000000000000000000000000000000000000000000
00000000000000000000000000000011000000000000000000000000000000000000000000000000
00000000000000000000000000000010000000000000000000000000000000000000000000000000
00000000000000000000000000000000000000000000000000000000000000000000000000000000
00000000000000000000000000000000000000000000000000000000000000000000000000000000
00000000000000000000000000000000000000000000000000000000000000000000000000000000
00000000000000000000000000000000000000000000000000000000000000000000000000000000
00000000000000000000000000000000000000000000000000000000000000000000000000000000
00000000000000000000000000000000000000000000000000000000000000000000000000000000
00000000000000000000000000000000000000000000000000000000000000000000000000000000
00000000000000000000000000000000000000000000000000000000000000000000000000000000