00000000000000000000000000000000000000000000000000000000000000000000000000000000
00000000000000000000000000000000000000000000000000000000000000000000000000000000
00000000000000000000000000000000000000000000000000000000000000000000000000000000
00000000000000000000000000000000000000000000000000000000000000000000000000000000
00000000000000000000000000000000000000000000000000000000000000000000000000000000
00000000000000000000000000000000000000000000000000000000000000000000000000000000
00000000000000000000000000000000000000000000000000000000000000000000000000000000
00000000000000000000000000000000000010000000000000000000000000000000000000000000
00000000000000000000000000000000001010100000000000000000000000000000000000000000
00000000000000000000000000000000101010101000000000000000000000000000000000000000
00000000000000000000000000000000011010110000000000000000000000000000000000000000
00000000000000000000000000000001000010000100000000000000000000000000000000000000
00000000000000000000000000000000111101111000000000000000000000000000000000000000
00000000000000000000000000000001000010000100000000000000000000000000000000000000
00000000000000000000000000000000011010110000000000000000000000000000000000000000
00000000000000000000000000000000101010101000000000000000000000000000000000000000
00000000000000000000000000000000001010100000000000000000000000000000000000000000
00000000000000000000000000000000000010000000000000000000000000000000000000000000
00000000000000000000000000000000000000000000000000000000000000000000000000000000
00000000000000000000000000000000000000000000000000000000000000000000000000000000
00000000000000000000000000000000000000000000000000000000000000000000000000000000
00000000000000000000000000000000000000000000000000000000000000000000000000000000
00000000000000000000000000000000000000000000000000000000000000000000000000000000
00000000000000000000000000000000000000000000000000000000000000000000000000000000
00000000000000000000000000000000000000000000000000000000000000000000000000000000